0.05166575312614441
0.06499570608139038
0.05166575312614441
0.05166575312614441
0.20148655772209167
0.39105966687202454
0.05166575312614441
0.39105966687202454
0.06499570608139038
0.39105966687202454
0.20148655772209167
0.20148655772209167
0.06499570608139038
0.20148655772209167
0.06499570608139038
0.06499570608139038
0.06499570608139038
0.06499570608139038
0.20148655772209167
0.20148655772209167
0.06499570608139038
0.20148655772209167
0.20148655772209167
0.39105966687202454
0.06499570608139038
0.05166575312614441
0.20148655772209167
0.06499570608139038
0.05166575312614441
0.39105966687202454
0.20148655772209167
0.05166575312614441
0.06499570608139038
0.05166575312614441
0.20148655772209167
0.39105966687202454
0.39105966687202454
0.20148655772209167
0.06499570608139038
0.39105966687202454
0.39105966687202454
0.06499570608139038
0.39105966687202454
0.20148655772209167
0.05166575312614441
0.20148655772209167
0.39105966687202454
0.05166575312614441
0.05166575312614441
0.06499570608139038
0.06499570608139038
0.20148655772209167
0.05166575312614441
0.05166575312614441
0.20148655772209167
0.39105966687202454
0.39105966687202454
0.39105966687202454
0.39105966687202454
0.20148655772209167
0.06499570608139038
0.20148655772209167
0.39105966687202454
0.39105966687202454
0.05166575312614441
0.20148655772209167
0.20148655772209167
0.05166575312614441
0.39105966687202454
0.20148655772209167
0.06499570608139038
0.39105966687202454
0.06499570608139038
0.20148655772209167
0.05166575312614441
0.39105966687202454
0.20148655772209167
0.06499570608139038
0.20148655772209167
0.05166575312614441
0.20148655772209167
0.39105966687202454
0.20148655772209167
0.05166575312614441
0.20148655772209167
0.39105966687202454
0.39105966687202454
0.39105966687202454
0.06499570608139038
0.39105966687202454
0.06499570608139038
0.20148655772209167
0.05166575312614441
0.20148655772209167
0.39105966687202454
0.20148655772209167
0.06499570608139038
0.39105966687202454
0.39105966687202454
0.06499570608139038
0.06499570608139038
0.39105966687202454
0.39105966687202454
0.05166575312614441
0.06499570608139038
0.20148655772209167
0.39105966687202454
0.05166575312614441
0.06499570608139038
0.05166575312614441
0.39105966687202454
0.20148655772209167
0.05166575312614441
0.06499570608139038
0.39105966687202454
0.06499570608139038
0.39105966687202454
0.06499570608139038
0.05166575312614441
0.20148655772209167
0.06499570608139038
0.05166575312614441
0.05166575312614441
0.20148655772209167
0.06499570608139038
0.05166575312614441
0.06499570608139038
0.20148655772209167
0.06499570608139038
0.06499570608139038
0.39105966687202454
0.05166575312614441
0.39105966687202454
0.05166575312614441
0.20148655772209167
0.20148655772209167
0.06499570608139038
0.05166575312614441
0.20148655772209167
0.39105966687202454
0.20148655772209167
0.06499570608139038
0.39105966687202454
0.20148655772209167
0.39105966687202454
0.20148655772209167
0.39105966687202454
0.05166575312614441
0.20148655772209167
0.05166575312614441
0.05166575312614441
0.05166575312614441
0.39105966687202454
0.05166575312614441
0.39105966687202454
0.06499570608139038
0.06499570608139038
0.39105966687202454
0.39105966687202454
0.20148655772209167
0.06499570608139038
0.05166575312614441
0.20148655772209167
0.05166575312614441
0.06499570608139038
0.20148655772209167
0.06499570608139038
0.06499570608139038
0.05166575312614441
0.06499570608139038
0.05166575312614441
0.05166575312614441
0.06499570608139038
0.06499570608139038
0.39105966687202454
0.39105966687202454
0.20148655772209167
0.20148655772209167
0.20148655772209167
0.39105966687202454
0.06499570608139038
0.39105966687202454
0.39105966687202454
0.39105966687202454
0.39105966687202454
0.06499570608139038
0.39105966687202454
0.39105966687202454
0.39105966687202454
0.05166575312614441
0.20148655772209167
0.06499570608139038
0.39105966687202454
0.39105966687202454
0.06499570608139038
0.20148655772209167
0.20148655772209167
0.06499570608139038
0.05166575312614441
0.20148655772209167
0.39105966687202454
0.06499570608139038
0.20148655772209167
0.20148655772209167
0.20148655772209167
0.05166575312614441
0.20148655772209167
0.20148655772209167
0.06499570608139038
